Collective Communication Split (集合通信拆分)
=============================================================================================================
Wait 为集合通信前的到达对齐 Barrier；Exec 为随后原集合通信调用的执行时间。Exec 仍包含 MPI 算法、协议和内存复制，并非纯网络时间。旧版中没有匹配 Wait 阶段的集合通信不会列入本表。

      P Collective                       ColdWait(s)   ColdExec(s)   ColdWait%   WarmWait(s)   WarmExec(s)   WarmWait%
-------------------------------------------------------------------------------------------------------------
   1024 face_allgatherv                       5.056        0.850      85.61        0.153        0.853      15.24
   1024 volume_size_exchange                 23.107        0.011      99.95       30.154        0.064      99.79
   1024 vertex_count_allgather               10.565        0.010      99.90       24.547        0.055      99.78
   1024 element_count_allgather               0.005        0.008      37.37        0.039        0.006      87.37
   1024 quality_reduce                       12.814        0.002      99.98       11.973        0.004      99.97
   2048 face_allgatherv                       0.198        1.719      10.34        0.199        1.695      10.48
   2048 volume_size_exchange                 16.510        0.016      99.90       28.512        0.052      99.82
   2048 vertex_count_allgather               12.668        0.025      99.80       12.287        0.019      99.85
   2048 element_count_allgather               0.002        0.007      19.45        0.008        0.018      30.10
   2048 quality_reduce                        7.496        0.031      99.59        8.671        0.017      99.80
   4096 face_allgatherv                       4.167        4.067      50.60        0.210        4.067       4.91
   4096 volume_size_exchange                 19.079        0.035      99.82       20.615        0.043      99.79
   4096 vertex_count_allgather               20.657        1.190      94.55        9.481        0.019      99.80
   4096 element_count_allgather               0.009        0.003      75.39        0.004        0.031      12.15
   4096 quality_reduce                       15.675        0.014      99.91       10.202        0.013      99.88
   8192 face_allgatherv                       3.054        8.020      27.58        0.268        8.010       3.24
   8192 volume_size_exchange                 12.396        3.420      78.38       12.014        0.085      99.30
   8192 vertex_count_allgather               10.744        0.033      99.70       13.663        0.034      99.76
   8192 element_count_allgather               0.011        0.008      57.33        0.013        0.008      60.87
   8192 quality_reduce                        9.274        0.027      99.71        9.284        0.020      99.78

Total communication categories (通信类别总计)
      P   ColdWait(s)   ColdWait(%)   ColdComm(s)   ColdComm(%)   WarmWait(s)   WarmWait(%)   WarmComm(s)   WarmComm(%)
----------------------------------------------------------------------------------------------------------------------------
   1024       49.178        35.34       12.962         9.32       60.798        38.61       11.293         9.20
   2048       36.001        38.65        7.781         8.35       50.264        46.37        8.770         9.03
   4096       57.154        46.15       20.151        16.27       43.558        46.63       13.494        15.47
   8192       32.970        34.74       20.278        21.37       33.361        43.78       16.397        21.24
