Collective Communication Split (集合通信拆分)
=============================================================================================================
Wait 为集合通信前的到达对齐 Barrier；Exec 为随后原集合通信调用的执行时间。Exec 仍包含 MPI 算法、协议和内存复制，并非纯网络时间。旧版中没有匹配 Wait 阶段的集合通信不会列入本表。

      P Collective                       ColdWait(s)   ColdExec(s)   ColdWait%   WarmWait(s)   WarmExec(s)   WarmWait%
-------------------------------------------------------------------------------------------------------------
      1 face_allgatherv                       0.000        0.048       0.00        0.000        0.046       0.00
      1 vertex_count_allgather                0.000        0.000      11.31        0.000        0.000      13.81
      1 element_count_allgather               0.000        0.000      26.97        0.000        0.000      29.82
      8 face_allgatherv                       0.009        0.063      12.81        0.030        0.060      33.39
      8 vertex_count_allgather               21.750        0.004      99.98       20.770        0.000     100.00
      8 element_count_allgather               0.001        0.000      98.76        0.002        0.000      98.72
     16 face_allgatherv                       0.033        0.069      32.13        0.033        0.063      34.35
     16 vertex_count_allgather               18.611        0.002      99.99       18.171        0.000     100.00
     16 element_count_allgather               0.000        0.000      93.59        0.001        0.000      94.84
     32 face_allgatherv                       0.022        0.093      19.28        0.037        0.072      34.36
     32 vertex_count_allgather               11.963        0.004      99.96       11.915        0.001     100.00
     32 element_count_allgather               0.002        0.000      93.27        0.002        0.000      86.42
     64 face_allgatherv                       0.033        0.083      28.65        0.034        0.079      30.11
     64 vertex_count_allgather                7.245        0.013      99.83        7.396        0.001      99.99
     64 element_count_allgather               0.001        0.000      80.56        0.001        0.000      83.80
    128 face_allgatherv                       0.059        0.091      39.33        0.042        0.080      34.44
    128 vertex_count_allgather                5.750        0.005      99.92        5.520        0.001      99.99
    128 element_count_allgather               0.001        0.000      87.26        0.001        0.000      78.10
    256 face_allgatherv                       0.075        0.106      41.55        0.076        0.084      47.54
    256 vertex_count_allgather                3.927        0.006      99.84        3.754        0.001      99.98
    256 element_count_allgather               0.001        0.000      81.97        0.001        0.000      80.23

Total communication categories (通信类别总计)
      P   ColdWait(s)   ColdWait(%)   ColdComm(s)   ColdComm(%)   WarmWait(s)   WarmWait(%)   WarmComm(s)   WarmComm(%)
----------------------------------------------------------------------------------------------------------------------------
      1        0.000         0.00        0.048         0.01        0.000         0.00        0.047         0.01
      8       21.760        17.80        0.778         0.64       20.776        17.63        0.882         0.75
     16       18.630        22.47        0.642         0.77       18.189        22.11        0.383         0.46
     32       11.983        20.28        0.345         0.58       11.939        20.40        0.355         0.61
     64        7.264        15.25        0.298         0.63        7.417        15.99        0.275         0.59
    128        5.791        13.72        1.232         2.92        5.552        13.68        0.213         0.52
    256        3.951        10.45        0.171         0.45        3.797        10.18        0.152         0.41
